
[[7, 9, 1, 9, 3, 2, 4, 4, 7],
 [8, 4, 9, 1, 2, 5, 9, 6, 2], 
 [5, 2, 1, 7, 3, 4, 9, 8, 4], 

 [8, 2, 9, 1, 5, 7, 5, 5, 5], 
 [7, 5, 4, 8, 9, 6, 6, 1, 9], 
 [1, 5, 5, 3, 4, 3, 3, 7, 8],

 [3, 1, 5, 6, 3, 5, 1, 9, 4], 
 [5, 8, 3, 3, 3, 7, 7, 4, 7], 
 [4, 6, 7, 2, 3, 1, 4, 5, 8]]  



[[7, 9, 1, 8, 4, 9, 5, 2, 1],
 [9, 3, 2, 1, 2, 5, 7, 3, 4], 
 [4, 4, 7, 9, 6, 2, 9, 8, 4], 

 [8, 2, 9, 7, 5, 4, 1, 5, 5], 
 [1, 5, 7, 8, 9, 6, 3, 4, 3], 
 [5, 5, 5, 6, 1, 9, 3, 7, 8], 
 
 [3, 1, 5, 5, 8, 3, 4, 6, 7], 
 [6, 3, 5, 3, 3, 7, 2, 3, 1], 
 [1, 9, 4, 7, 4, 7, 4, 5, 8]]